Rectangulo 144 343 713 884 21 126 90 127 206 149
Circulo 42 568 704 156 159 40 177 119 75
Triangulo 6 798 880 171 42 122 238 11 111
Rectangulo 467 228 69 160 37 178 190 2 220 171
Circulo 74 583 602 70 2 8 243 85 176
Rectangulo 173 167 591 583 255 20 188 128 37 216
Circulo 95 1000 76 165 219 49 221 242 54
Triangulo 455 60 531 182 105 192 26 143 119
Triangulo 413 910 489 126 189 70 101 128 47
Circulo 493 989 144 179 33 127 209 59 207
Triangulo 255 266 420 91 21 52 21 194 16
Circulo 245 512 269 132 0 114 28 123 167
Rectangulo 384 389 802 509 217 26 17 125 100 182
Triangulo 66 513 112 110 48 61 210 175 246
Circulo 198 775 104 234 98 136 228 20 254
Rectangulo 352 319 998 753 197 2 198 88 150 105
Circulo 112 164 824 25 208 238 252 247 198
Circulo 368 186 376 91 153 221 253 108 147
Rectangulo 254 64 276 880 105 198 17 155 183 3
Circulo 318 609 218 23 199 61 217 200 208
Triangulo 126 367 903 43 41 4 126 220 109
Rectangulo 338 489 703 562 67 25 10 126 116 165
Circulo 338 639 290 100 166 220 84 140 29
Triangulo 227 174 101 28 145 244 162 230 71
Triangulo 87 498 99 225 88 61 48 205 90
Circulo 365 535 442 63 139 142 233 236 94
Triangulo 405 699 482 169 247 143 26 221 70
Triangulo 237 600 766 231 53 153 10 253 198
Rectangulo 376 74 204 745 253 164 177 195 136 62
Triangulo 51 286 83 55 133 14 63 147 116
Triangulo 161 6 902 198 195 38 43 228 190
Circulo 289 79 677 44 22 249 154 141 125
Circulo 70 713 146 185 238 106 72 20 136
Circulo 100 0 281 172 55 165 101 8 45
Rectangulo 15 11 19 3 5 207 220 56 213 24
Circulo 426 845 110 56 235 230 209 39 179
Triangulo 32 334 733 235 172 83 170 64 162
Rectangulo 127 121 234 981 166 227 169 54 237 168
Rectangulo 457 198 665 209 187 19 184 122 120 218
Triangulo 210 398 152 251 220 33 254 196 185
Rectangulo 361 74 323 45 161 199 232 226 238 82
Triangulo 383 912 748 254 217 166 247 203 149
Triangulo 303 216 537 95 70 86 54 143 170
Triangulo 269 566 706 19 43 90 28 109 28
Circulo 437 853 609 59 115 218 8 203 164
Rectangulo 263 37 599 447 87 175 8 22 253 151
Circulo 118 798 871 180 132 187 191 198 207
Rectangulo 353 161 474 336 146 232 191 74 73 227
Circulo 185 241 575 223 93 140 72 128 41
Circulo 68 291 894 0 17 66 233 123 110
Triangulo 394 293 912 28 54 138 46 136 222
Rectangulo 409 257 233 18 138 0 68 88 66 20
Rectangulo 299 127 674 835 122 33 0 50 0 134
Triangulo 328 196 730 65 70 59 10 185 15
Rectangulo 324 463 64 896 81 99 193 24 148 179
Triangulo 9 620 80 232 232 112 35 191 72
Circulo 218 460 293 51 230 26 56 127 190
Triangulo 59 227 967 20 61 74 52 80 105
Circulo 198 822 675 24 193 100 196 39 62
Triangulo 136 316 187 128 22 215 10 77 125
Rectangulo 49 389 449 849 62 38 146 99 207 250
Triangulo 348 89 389 175 218 109 212 114 49
Rectangulo 357 41 787 840 202 147 83 223 0 198
Circulo 478 381 359 28 112 134 37 124 206
Triangulo 110 785 401 8 214 66 251 125 181
Circulo 368 625 49 212 142 117 23 191 39
Rectangulo 330 192 108 13 0 25 171 55 96 162
Triangulo 467 110 731 204 155 82 171 35 5
Circulo 211 461 967 211 120 127 42 74 134
Circulo 465 390 495 215 2 21 157 218 255
Triangulo 240 884 537 222 93 205 248 224 105
Triangulo 233 142 456 1 27 215 216 111 198
Circulo 350 302 763 180 44 237 74 38 41
Rectangulo 99 330 756 187 9 215 189 126 77 131
Circulo 236 554 822 3 96 103 91 65 251
Circulo 175 17 220 54 145 114 27 229 80
Rectangulo 279 367 784 419 240 195 145 171 86 30
Circulo 185 319 959 61 222 215 130 248 31
Rectangulo 70 429 479 811 46 121 210 18 224 188
Rectangulo 93 412 859 187 249 185 247 237 29 74
Triangulo 471 809 446 98 154 168 99 143 123
Circulo 286 66 1000 126 4 69 80 222 91
Rectangulo 477 489 660 689 201 176 139 157 131 161
Circulo 354 7 310 210 28 95 181 103 97
Circulo 9 284 996 234 51 14 204 14 188
Rectangulo 286 147 844 641 70 212 89 207 157 245
Rectangulo 407 421 230 258 164 30 141 7 191 254
Circulo 135 848 637 225 255 192 147 18 0
Circulo 481 777 660 45 172 37 219 28 232
Circulo 13 313 366 161 206 36 80 188 82
Rectangulo 401 315 333 387 71 99 203 140 186 78
Triangulo 342 967 615 119 136 192 18 144 156
Triangulo 433 596 950 4 64 98 216 190 183
Triangulo 461 478 573 86 100 3 48 231 87
Circulo 448 999 337 55 219 102 154 33 168
Rectangulo 444 191 808 719 171 212 15 232 148 184
Circulo 1
58 356 57 69 250 112 186 211 60
Rectangulo 7 341 292 832 180 52 129 145 66 215
Triangulo 337 191 378 64 204 212 97 233 74
Triangulo 170 85 168 181 94 80 152 183 81